income <- c("Less than $9,999", "$10,000 - $14,999", "$15,000 - $24,999", "$25,000 - $34,999",
            "$35,000 - $49,999", "$50,000 - $64,999", "$65,000 - $74,999", "$75,000 - $99,999",
            "$100,000 or more")
proportion <- c(0.022, 0.047, 0.158, 0.183, 0.212, 0.139, 0.058, 0.084, 0.097)
table <- data.frame(income, proportion)